function [u,v] = Re100()
u = [0
-0.0067522
-0.013504
-0.020256
-0.027009
-0.033016
-0.038874
-0.044733
-0.050591
-0.056134
-0.061519
-0.066904
-0.072289
-0.077564
-0.082729
-0.087894
-0.093059
-0.0982
-0.10329
-0.10839
-0.11348
-0.11857
-0.12363
-0.12869
-0.13375
-0.13881
-0.14375
-0.1487
-0.15364
-0.15859
-0.16318
-0.1677
-0.17221
-0.17673
-0.18095
-0.18502
-0.18885
-0.1925
-0.19585
-0.19889
-0.20163
-0.20395
-0.20599
-0.20747
-0.2087
-0.20921
-0.20954
-0.20897
-0.2083
-0.20657
-0.20483
-0.20186
-0.19888
-0.19474
-0.1905
-0.18518
-0.17965
-0.17317
-0.16637
-0.15877
-0.15076
-0.14208
-0.13292
-0.12323
-0.11301
-0.10237
-0.091168
-0.079656
-0.067534
-0.055191
-0.042191
-0.02904
-0.015141
-0.001159
0.01374
0.028641
0.04476
0.060879
0.07846
0.096174
0.11509
0.13533
0.15693
0.1801
0.2051
0.23217
0.26161
0.29368
0.32869
0.3669
0.40855
0.45384
0.50287
0.55567
0.61211
0.67193
0.7347
0.79979
0.86638
0.93349
1];

v = [0
0.017382
0.034764
0.049901
0.064834
0.077847
0.090477
0.10151
0.11201
0.12123
0.12981
0.13738
0.14422
0.1503
0.15562
0.16036
0.16432
0.16788
0.17065
0.17315
0.17486
0.17641
0.17719
0.17789
0.17782
0.17774
0.17689
0.17603
0.1745
0.17291
0.17073
0.16843
0.16561
0.16262
0.15916
0.15547
0.15137
0.14698
0.14222
0.13712
0.1317
0.12587
0.11978
0.1132
0.10642
0.099077
0.091606
0.083496
0.075322
0.066444
0.057567
0.047934
0.0383
0.028
0.017639
0.0067101
-0.0043325
-0.015832
-0.027483
-0.039472
-0.051629
-0.063999
-0.076522
-0.089135
-0.10184
-0.11452
-0.12716
-0.1397
-0.152
-0.16413
-0.17577
-0.18721
-0.19769
-0.20802
-0.21689
-0.22576
-0.23314
-0.2395
-0.24463
-0.24845
-0.25085
-0.25175
-0.25107
-0.24876
-0.24476
-0.23905
-0.23164
-0.22254
-0.2118
-0.19949
-0.18571
-0.17055
-0.154
-0.13642
-0.11841
-0.099146
-0.079756
-0.05973
-0.039719
-0.019858
-2.7561E-16];
end