function [u,v] = Re1000()
u = [0
-0.03134
-0.062681
-0.090451
-0.1179
-0.14369
-0.16915
-0.19409
-0.21886
-0.24304
-0.26691
-0.28923
-0.31044
-0.3297
-0.3457
-0.35862
-0.36801
-0.37374
-0.37582
-0.37446
-0.37
-0.36279
-0.35304
-0.3431
-0.33104
-0.31897
-0.30668
-0.2944
-0.28211
-0.26983
-0.25856
-0.24749
-0.23643
-0.22536
-0.21509
-0.20522
-0.19535
-0.18548
-0.17583
-0.16639
-0.15696
-0.14753
-0.1381
-0.1287
-0.1193
-0.10989
-0.10048
-0.091016
-0.081554
-0.072092
-0.06263
-0.053098
-0.043566
-0.034033
-0.024501
-0.014852
-0.0051791
0.0044934
0.014166
0.024019
0.033962
0.043904
0.053847
0.064017
0.074413
0.08481
0.095206
0.10583
0.11691
0.12798
0.13906
0.15028
0.16222
0.17415
0.18609
0.19802
0.21067
0.22333
0.23598
0.24863
0.2613
0.27397
0.28664
0.29931
0.31104
0.32231
0.33357
0.34484
0.35475
0.3633
0.37151
0.37924
0.38772
0.3995
0.41775
0.45015
0.50414
0.58743
0.70352
0.84677
1];

v = [0
0.067664
0.12447
0.171
0.20837
0.23814
0.26201
0.28154
0.29812
0.31177
0.32434
0.33477
0.34366
0.35057
0.35548
0.35861
0.35924
0.35849
0.355
0.35065
0.34368
0.33618
0.32595
0.31571
0.30548
0.29525
0.28338
0.2715
0.25963
0.24776
0.23604
0.22435
0.21266
0.20098
0.18981
0.17891
0.168
0.1571
0.14647
0.13611
0.12576
0.1154
0.10512
0.095002
0.084881
0.07476
0.06465
0.054594
0.044539
0.034483
0.024427
0.014337
0.0042466
-0.0058437
-0.015934
-0.026137
-0.036363
-0.046589
-0.056815
-0.0672
-0.077664
-0.088128
-0.098592
-0.1092
-0.11995
-0.13069
-0.14144
-0.15225
-0.1632
-0.17415
-0.18509
-0.19606
-0.20711
-0.21816
-0.22921
-0.24027
-0.25205
-0.26384
-0.27562
-0.2874
-0.30107
-0.31512
-0.33181
-0.34938
-0.37012
-0.39242
-0.41673
-0.44246
-0.46712
-0.48821
-0.50329
-0.50621
-0.49413
-0.46459
-0.4173
-0.3545
-0.28069
-0.20254
-0.12597
-0.0566
-1.571E-16];
end