function [u,v] = Re400()
u = [0
-0.014308
-0.028615
-0.042923
-0.05723
-0.07063
-0.083849
-0.097068
-0.11029
-0.12364
-0.13706
-0.15047
-0.16389
-0.17733
-0.1908
-0.20432
-0.21792
-0.23127
-0.24416
-0.25671
-0.26831
-0.27958
-0.28918
-0.29857
-0.30554
-0.3125
-0.31635
-0.32019
-0.32095
-0.32143
-0.31915
-0.31632
-0.31126
-0.30545
-0.298
-0.28972
-0.28039
-0.2703
-0.25945
-0.24785
-0.23624
-0.22463
-0.21281
-0.20055
-0.1883
-0.17604
-0.16383
-0.15183
-0.13983
-0.12783
-0.11582
-0.10419
-0.092561
-0.080929
-0.069297
-0.057777
-0.046279
-0.034782
-0.023284
-0.011704
-8.3929E-05
0.011536
0.023157
0.034895
0.046752
0.058608
0.070465
0.082374
0.094387
0.1064
0.11841
0.13041
0.14231
0.1542
0.1661
0.178
0.18933
0.20066
0.212
0.22333
0.23393
0.24438
0.25483
0.26528
0.27521
0.28488
0.29513
0.3058
0.31732
0.33095
0.34775
0.36911
0.39606
0.43212
0.47879
0.5379
0.61051
0.69629
0.79315
0.89636
1];
v = [0
0.03885
0.073347
0.10375
0.13035
0.15349
0.17354
0.19086
0.20593
0.21845
0.23003
0.24005
0.24896
0.25693
0.26396
0.27037
0.2759
0.28094
0.28501
0.28868
0.29118
0.29339
0.29417
0.29479
0.29371
0.29264
0.28966
0.28667
0.28197
0.27711
0.27077
0.26414
0.25633
0.24813
0.23902
0.22946
0.21936
0.20888
0.19784
0.18624
0.17465
0.16305
0.15124
0.13899
0.12673
0.11448
0.10221
0.089881
0.077548
0.065215
0.052882
0.040735
0.028587
0.01644
0.0042924
-0.0077161
-0.019697
-0.031678
-0.043658
-0.055673
-0.067705
-0.079736
-0.091768
-0.10406
-0.1166
-0.12915
-0.1417
-0.15454
-0.16797
-0.18161
-0.19592
-0.21045
-0.22608
-0.24183
-0.25887
-0.2759
-0.29425
-0.31259
-0.33161
-0.35069
-0.36945
-0.38763
-0.40443
-0.41911
-0.43083
-0.43874
-0.44195
-0.43964
-0.43113
-0.41601
-0.3942
-0.36593
-0.33184
-0.29291
-0.25037
-0.20566
-0.16031
-0.11582
-0.073551
-0.034651
1.9235E-16];
