vv=[ 
1.37377 0.53033 -0.873773 0.53033 0.186887 -0.53033 -0.686887 -0.53033 0 0 0 0 0 0 0 0 0 0  ;
0.53033 1.37377 -0.53033 0.186887 0.53033 -0.873773 -0.53033 -0.686887 0 0 0 0 0 0 0 0 0 0  ;
-0.873773 -0.53033 2.74755 0 -0.686887 0.53033 0.373773 0 -0.873773 0.53033 -0.686887 -0.53033 0 0 0 0 0 0  ;
0.53033 0.186887 0 2.74755 0.53033 -0.686887 0 -1.74755 -0.53033 0.186887 -0.53033 -0.686887 0 0 0 0 0 0  ;
0.186887 0.53033 -0.686887 0.53033 2.72916 0.0561685 -1.72916 0.0283907 0 0 0 0 0.169725 -0.503165 -0.669725 -0.517054 0 0  ;
-0.53033 -0.873773 0.53033 -0.686887 0.000612959 2.73031 -0.000612959 0.393463 0 0 0 0 0.532167 -0.893304 -0.532167 -0.669807 0 0  ;
-0.686887 -0.53033 0.373773 0 -1.77083 0.0271648 5.5 0.111111 -0.686887 0.53033 -1.72916 0.0283907 -0.711392 0.544832 0.381117 0.0555556 -0.669725 -0.517054  ;
-0.53033 -0.686887 0 -1.74755 0.000612959 0.351796 0 5.50228 0.53033 -0.686887 -0.000612959 0.393463 0.532167 -0.711473 -1.11022e-16 -1.74494 -0.532167 -0.669807  ;
0 0 -0.873773 -0.53033 0 0 -0.686887 0.53033 1.37377 -0.53033 0.186887 0.53033 0 0 0 0 0 0  ;
0 0 0.53033 0.186887 0 0 0.53033 -0.686887 -0.53033 1.37377 -0.53033 -0.873773 0 0 0 0 0 0  ;
0 0 -0.686887 -0.53033 0 0 -1.77083 0.0271648 0.186887 -0.53033 2.77083 0.0549426 0 0 -0.711392 0.544832 0.211392 0.558721  ;
0 0 -0.53033 -0.686887 0 0 0.000612959 0.351796 0.53033 -0.873773 -0.000612959 2.77197 0 0 0.532167 -0.711473 -0.532167 -0.851637  ;
0 0 0 0 0.169725 0.559945 -0.669725 0.546056 0 0 0 0 1.32594 -0.476612 -0.82594 -0.504389 0 0  ;
0 0 0 0 -0.530943 -0.893304 0.530943 -0.669807 0 0 0 0 -0.532167 1.32463 0.532167 0.238476 0 0  ;
0 0 0 0 -0.711392 -0.518278 0.381117 0.0555556 0 0 -0.669725 0.546056 -0.95094 0.559945 2.77688 0.111111 -0.82594 -0.504389  ;
0 0 0 0 -0.530943 -0.711473 0 -1.74494 0 0 0.530943 -0.669807 -0.532167 0.113476 1.11022e-16 2.77427 0.532167 0.238476  ;
0 0 0 0 0 0 -0.711392 -0.518278 0 0 0.211392 -0.504389 0 0 -0.95094 0.559945 1.45094 0.587723  ;
0 0 0 0 0 0 -0.530943 -0.711473 0 0 0.530943 -0.851637 0 0 -0.532167 0.113476 0.532167 1.44963  ;
 ];
vp=[ 
0.0833333 0.0833333 0.0416667 0.0416667 0 0 0 0 0  ;
0.0833333 0.0416667 0.0833333 0.0416667 0 0 0 0 0  ;
-0.0833333 0 -0.0416667 0 0.0833333 0.0416667 0 0 0  ;
0.0416667 0.166667 0.0416667 0.166667 0.0416667 0.0416667 0 0 0  ;
0.0416667 0.0416667 0.166667 0.166667 0 0 0.0416667 0.0416667 0  ;
-0.0833333 -0.0416667 0 -6.93889e-18 0 0 0.0833333 0.0416667 0  ;
-0.0416667 0 -0.166667 0 0.0416667 0.166667 -0.0416667 0 0.0416667  ;
-0.0416667 -0.166667 -6.93889e-18 0 -0.0416667 -6.93889e-18 0.0416667 0.166667 0.0416667  ;
0 -0.0833333 0 -0.0416667 -0.0833333 -0.0416667 0 0 0  ;
0 0.0416667 0 0.0416667 0.0833333 0.0833333 0 0 0  ;
0 -0.0416667 0 -0.166667 -0.0416667 -0.166667 0 -0.0416667 -0.0416667  ;
0 -0.0416667 0 -6.93889e-18 -0.0833333 0 0 0.0416667 0.0833333  ;
0 0 0.0416667 0.0416667 0 0 0.0833333 0.0833333 0  ;
0 0 -0.0833333 -0.0416667 0 0 -0.0833333 -0.0416667 0  ;
0 0 -0.0416667 0 0 0.0416667 -0.0833333 0 0.0833333  ;
0 0 -0.0416667 -0.166667 0 -0.0416667 -0.0416667 -0.166667 -0.0416667  ;
0 0 0 -0.0416667 0 -0.0416667 0 -0.0833333 -0.0833333  ;
0 0 0 -0.0416667 0 -0.0833333 0 -0.0416667 -0.0833333  ;];
pv=[ 
-0.0833333 -0.0833333 0.0833333 -0.0416667 -0.0416667 0.0833333 0.0416667 0.0416667 0 0 0 0 0 0 0 0 0 0  ;
-0.0833333 -0.0416667 0 -0.166667 -0.0416667 0.0416667 0 0.166667 0.0833333 -0.0416667 0.0416667 0.0416667 0 0 0 0 0 0  ;
-0.0416667 -0.0833333 0.0416667 -0.0416667 -0.166667 0 0.166667 6.93889e-18 0 0 0 0 -0.0416667 0.0833333 0.0416667 0.0416667 0 0  ;
-0.0416667 -0.0416667 0 -0.166667 -0.166667 6.93889e-18 0 0 0.0416667 -0.0416667 0.166667 6.93889e-18 -0.0416667 0.0416667 0 0.166667 0.0416667 0.0416667  ;
0 0 -0.0833333 -0.0416667 0 0 -0.0416667 0.0416667 0.0833333 -0.0833333 0.0416667 0.0833333 0 0 0 0 0 0  ;
0 0 -0.0416667 -0.0416667 0 0 -0.166667 6.93889e-18 0.0416667 -0.0833333 0.166667 0 0 0 -0.0416667 0.0416667 0.0416667 0.0833333  ;
0 0 0 0 -0.0416667 -0.0833333 0.0416667 -0.0416667 0 0 0 0 -0.0833333 0.0833333 0.0833333 0.0416667 0 0  ;
0 0 0 0 -0.0416667 -0.0416667 0 -0.166667 0 0 0.0416667 -0.0416667 -0.0833333 0.0416667 0 0.166667 0.0833333 0.0416667  ;
0 0 0 0 0 0 -0.0416667 -0.0416667 0 0 0.0416667 -0.0833333 0 0 -0.0833333 0.0416667 0.0833333 0.0833333  ;];
pp=[ 
0.0392837 -0.00982093 -0.00982093 -0.0196419 0 0 0 0 0  ;
-0.00982093 0.0785674 -0.0196419 -0.0196419 -0.00982093 -0.0196419 0 0 0  ;
-0.00982093 -0.0196419 0.0785086 -0.0196508 0 0 -0.0097961 -0.0195989 0  ;
-0.0196419 -0.0196419 -0.0196508 0.157017 -0.0196419 -0.0196508 -0.0195989 -0.0195922 -0.0195989  ;
0 -0.00982093 0 -0.0196419 0.0392837 -0.00982093 0 0 0  ;
0 -0.0196419 0 -0.0196508 -0.00982093 0.0785086 0 -0.0195989 -0.0097961  ;
0 0 -0.0097961 -0.0195989 0 0 0.0391573 -0.00976228 0  ;
0 0 -0.0195989 -0.0195922 0 -0.0195989 -0.00976228 0.0783146 -0.00976228  ;
0 0 0 -0.0195989 0 -0.0097961 0 -0.00976228 0.0391573  ;];
lhs = [vv,vp;pv,pp]